{
 "cells": [
  {
   "cell_type": "code",
   "execution_count": 2,
   "metadata": {},
   "outputs": [],
   "source": [
    "from pyspark.sql import SparkSession\n",
    "from pyspark import SparkContext, SparkConf\n",
    "\n",
    "try:\n",
    "    spark.close()\n",
    "except: \n",
    "    pass\n",
    "\n",
    "try:\n",
    "    conf = SparkConf().setAppName('Spark Project')\n",
    "    sc = SparkContext(conf=conf)\n",
    "except Exception as e:\n",
    "    print(e)\n",
    "#.config(\"spark.some.config.option\", \"some-value\") \\\n",
    "#SparkContext.setSystemProperty('spark.executor.memory', '8g')\n",
    "#spark = SparkSession \\\n",
    "#    .builder \\\n",
    "#    .appName(\"Spark Project\") \\\n",
    "#    .config(\"spark.executor.memory\", '5g') \\\n",
    "#    .config(\"spark.driver.memory\", '5g') \\\n",
    "#    .getOrCreate()\n",
    "\n",
    "spark = SparkSession.builder \\\n",
    "    .appName(\"Spark Project\") \\\n",
    "    .config(\"spark.executor.memory\", \"2000mb\") \\\n",
    "    .master(\"local[*]\") \\\n",
    "    .config(\"spark.executor.cores\", \"4\") \\\n",
    "    .config(\"spark.yarn.executor.memoryOverhead\",200) \\\n",
    "    .config(\"spark.serializer\", \"org.apache.spark.serializer.KryoSerializer\") \\\n",
    "    .config(\"spark.default.parallelism\", \"6\") \\\n",
    "    .getOrCreate()\n",
    "\n",
    "df = spark.read.load(\"data/US_Accidents_Dec19.csv\",format=\"csv\", sep=\",\", inferSchema=\"true\", header=\"true\")"
   ]
  },
  {
   "cell_type": "code",
   "execution_count": 3,
   "metadata": {},
   "outputs": [
    {
     "data": {
      "text/html": [
       "\n",
       "        <div>\n",
       "            <p><b>SparkContext</b></p>\n",
       "\n",
       "            <p><a href=\"http://ae0d30820d9f:4040\">Spark UI</a></p>\n",
       "\n",
       "            <dl>\n",
       "              <dt>Version</dt>\n",
       "                <dd><code>v2.4.5</code></dd>\n",
       "              <dt>Master</dt>\n",
       "                <dd><code>local[*]</code></dd>\n",
       "              <dt>AppName</dt>\n",
       "                <dd><code>Spark Project</code></dd>\n",
       "            </dl>\n",
       "        </div>\n",
       "        "
      ],
      "text/plain": [
       "<SparkContext master=local[*] appName=Spark Project>"
      ]
     },
     "execution_count": 3,
     "metadata": {},
     "output_type": "execute_result"
    }
   ],
   "source": [
    "sc"
   ]
  },
  {
   "cell_type": "code",
   "execution_count": 4,
   "metadata": {},
   "outputs": [
    {
     "data": {
      "text/plain": [
       "[('spark.default.parallelism', '6'),\n",
       " ('spark.executor.id', 'driver'),\n",
       " ('spark.app.name', 'Spark Project'),\n",
       " ('spark.executor.cores', '4'),\n",
       " ('spark.serializer', 'org.apache.spark.serializer.KryoSerializer'),\n",
       " ('spark.app.id', 'local-1588192817933'),\n",
       " ('spark.driver.port', '34267'),\n",
       " ('spark.driver.host', 'ae0d30820d9f'),\n",
       " ('spark.rdd.compress', 'True'),\n",
       " ('spark.serializer.objectStreamReset', '100'),\n",
       " ('spark.master', 'local[*]'),\n",
       " ('spark.submit.deployMode', 'client'),\n",
       " ('spark.executor.memory', '2000mb'),\n",
       " ('spark.yarn.executor.memoryOverhead', '200'),\n",
       " ('spark.ui.showConsoleProgress', 'true')]"
      ]
     },
     "execution_count": 4,
     "metadata": {},
     "output_type": "execute_result"
    }
   ],
   "source": [
    "sc._conf.getAll()"
   ]
  },
  {
   "cell_type": "markdown",
   "metadata": {},
   "source": [
    "# Imports"
   ]
  },
  {
   "cell_type": "code",
   "execution_count": 5,
   "metadata": {},
   "outputs": [],
   "source": [
    "from pyspark.sql.functions import when, count, col, isnan, countDistinct,from_unixtime,from_utc_timestamp, unix_timestamp,split, to_timestamp, hour, month, lit,collect_list\n",
    "import seaborn as sns \n",
    "import matplotlib.pyplot as plt \n",
    "\n",
    "# Due to problem in spark 3.0.0\n",
    "spark.conf.set(\"spark.sql.legacy.utcTimestampFunc.enabled\", \"true\")"
   ]
  },
  {
   "cell_type": "markdown",
   "metadata": {},
   "source": [
    "# Define variables"
   ]
  },
  {
   "cell_type": "code",
   "execution_count": 6,
   "metadata": {},
   "outputs": [
    {
     "name": "stdout",
     "output_type": "stream",
     "text": [
      "['Street', 'Side', 'City', 'County', 'State', 'Zipcode', 'Country', 'Timezone', 'Airport_Code', 'Wind_Direction', 'Weather_Condition', 'Amenity', 'Bump', 'Crossing', 'Give_Way', 'Junction', 'No_Exit', 'Railway', 'Roundabout', 'Station', 'Stop', 'Traffic_Calming', 'Traffic_Signal', 'Turning_Loop', 'Sunrise_Sunset', 'Civil_Twilight', 'Nautical_Twilight', 'Astronomical_Twilight']\n",
      "['TMC', 'Start_Lat', 'Start_Lng', 'Distance(mi)', 'Number', 'Temperature(F)', 'Wind_Chill(F)', 'Humidity(%)', 'Pressure(in)', 'Visibility(mi)', 'Wind_Speed(mph)', 'Precipitation(in)']\n"
     ]
    }
   ],
   "source": [
    "# Define data information\n",
    "\n",
    "# Numerical values\n",
    "\n",
    "colLabel = [\"Severity\"]\n",
    "\n",
    "colRem = ['ID', \n",
    "          'Source',\n",
    "          'End_Time',\n",
    "          'End_Lat',\n",
    "          'End_Lng',\n",
    "          'Description',\n",
    "        ]\n",
    "\n",
    "# Dropping data that cant help during model\n",
    "df = df.drop(*colRem)\n",
    "\n",
    "# Convert boolean to string since PCA cant handle boolean which should be a class\n",
    "df = df.select(*[col(c[0]).cast(\"string\").alias(c[0]) if c[1] == 'boolean' else col(c[0]).alias(c[0]) for c in df.dtypes])\n",
    "\n",
    "#renamedHousing.select([count(when(col(c).isNull(), c)).alias(c) for c in colNum]).show()\n",
    "rdd = sc.parallelize(df.dtypes)\n",
    "\n",
    "colCat = rdd.map(lambda i: i[0] if (i[1]=='string' or i[1]=='boolean' and i[0]) else None).filter(lambda i: i != None).collect()\n",
    "colNum = rdd.map(lambda i: i[0] if (i[1]=='double' and i[0]) else None).filter(lambda i: i != None).collect()\n",
    "\n",
    "print(colCat)\n",
    "print(colNum)"
   ]
  },
  {
   "cell_type": "markdown",
   "metadata": {},
   "source": [
    "# 1. Analysis"
   ]
  },
  {
   "cell_type": "code",
   "execution_count": 7,
   "metadata": {},
   "outputs": [
    {
     "name": "stdout",
     "output_type": "stream",
     "text": [
      "Categories:\n",
      " Labels: 1\n",
      " Classes: 28\n",
      " Removed: 6\n",
      " Numerical: 12\n",
      "Rows: 2974335\n",
      "Columns 43\n",
      "root\n",
      " |-- TMC: double (nullable = true)\n",
      " |-- Severity: integer (nullable = true)\n",
      " |-- Start_Time: timestamp (nullable = true)\n",
      " |-- Start_Lat: double (nullable = true)\n",
      " |-- Start_Lng: double (nullable = true)\n",
      " |-- Distance(mi): double (nullable = true)\n",
      " |-- Number: double (nullable = true)\n",
      " |-- Street: string (nullable = true)\n",
      " |-- Side: string (nullable = true)\n",
      " |-- City: string (nullable = true)\n",
      " |-- County: string (nullable = true)\n",
      " |-- State: string (nullable = true)\n",
      " |-- Zipcode: string (nullable = true)\n",
      " |-- Country: string (nullable = true)\n",
      " |-- Timezone: string (nullable = true)\n",
      " |-- Airport_Code: string (nullable = true)\n",
      " |-- Weather_Timestamp: timestamp (nullable = true)\n",
      " |-- Temperature(F): double (nullable = true)\n",
      " |-- Wind_Chill(F): double (nullable = true)\n",
      " |-- Humidity(%): double (nullable = true)\n",
      " |-- Pressure(in): double (nullable = true)\n",
      " |-- Visibility(mi): double (nullable = true)\n",
      " |-- Wind_Direction: string (nullable = true)\n",
      " |-- Wind_Speed(mph): double (nullable = true)\n",
      " |-- Precipitation(in): double (nullable = true)\n",
      " |-- Weather_Condition: string (nullable = true)\n",
      " |-- Amenity: string (nullable = true)\n",
      " |-- Bump: string (nullable = true)\n",
      " |-- Crossing: string (nullable = true)\n",
      " |-- Give_Way: string (nullable = true)\n",
      " |-- Junction: string (nullable = true)\n",
      " |-- No_Exit: string (nullable = true)\n",
      " |-- Railway: string (nullable = true)\n",
      " |-- Roundabout: string (nullable = true)\n",
      " |-- Station: string (nullable = true)\n",
      " |-- Stop: string (nullable = true)\n",
      " |-- Traffic_Calming: string (nullable = true)\n",
      " |-- Traffic_Signal: string (nullable = true)\n",
      " |-- Turning_Loop: string (nullable = true)\n",
      " |-- Sunrise_Sunset: string (nullable = true)\n",
      " |-- Civil_Twilight: string (nullable = true)\n",
      " |-- Nautical_Twilight: string (nullable = true)\n",
      " |-- Astronomical_Twilight: string (nullable = true)\n",
      "\n"
     ]
    },
    {
     "data": {
      "text/plain": [
       "[Row(TMC=201.0, Severity=3, Start_Time=datetime.datetime(2016, 2, 8, 5, 46), Start_Lat=39.865147, Start_Lng=-84.058723, Distance(mi)=0.01, Number=None, Street='I-70 E', Side='R', City='Dayton', County='Montgomery', State='OH', Zipcode='45424', Country='US', Timezone='US/Eastern', Airport_Code='KFFO', Weather_Timestamp=datetime.datetime(2016, 2, 8, 5, 58), Temperature(F)=36.9, Wind_Chill(F)=None, Humidity(%)=91.0, Pressure(in)=29.68, Visibility(mi)=10.0, Wind_Direction='Calm', Wind_Speed(mph)=None, Precipitation(in)=0.02, Weather_Condition='Light Rain', Amenity='false', Bump='false', Crossing='false', Give_Way='false', Junction='false', No_Exit='false', Railway='false', Roundabout='false', Station='false', Stop='false', Traffic_Calming='false', Traffic_Signal='false', Turning_Loop='false', Sunrise_Sunset='Night', Civil_Twilight='Night', Nautical_Twilight='Night', Astronomical_Twilight='Night')]"
      ]
     },
     "execution_count": 7,
     "metadata": {},
     "output_type": "execute_result"
    }
   ],
   "source": [
    "print(f\"Categories:\\n \\\n",
    "Labels: {len(colLabel)}\\n \\\n",
    "Classes: {len(colCat)}\\n \\\n",
    "Removed: {len(colRem)}\\n \\\n",
    "Numerical: {len(colNum)}\") \n",
    "\n",
    "print(f\"Rows: {df.count()}\\nColumns {len(df.columns)}\")\n",
    "df.printSchema()\n",
    "df.take(1)"
   ]
  },
  {
   "cell_type": "markdown",
   "metadata": {},
   "source": [
    "## Statistical summary"
   ]
  },
  {
   "cell_type": "code",
   "execution_count": 8,
   "metadata": {},
   "outputs": [
    {
     "name": "stdout",
     "output_type": "stream",
     "text": [
      "+-------+------------------+------------------+------------------+------------------+------------------+-----------------+-----------------+------------------+------------------+-----------------+-----------------+--------------------+\n",
      "|summary|               TMC|         Start_Lat|         Start_Lng|      Distance(mi)|            Number|   Temperature(F)|    Wind_Chill(F)|       Humidity(%)|      Pressure(in)|   Visibility(mi)|  Wind_Speed(mph)|   Precipitation(in)|\n",
      "+-------+------------------+------------------+------------------+------------------+------------------+-----------------+-----------------+------------------+------------------+-----------------+-----------------+--------------------+\n",
      "|  count|           2246264|           2974335|           2974335|           2974335|           1056730|          2918272|          1121712|           2915162|           2926193|          2908644|          2533495|              975977|\n",
      "|   mean|207.83163198982845|36.493605002031636| -95.4262537385967|0.2855653569462957| 5837.003543951624|62.35120314350398|51.32684860284989| 65.40541554808961|29.831895008292193| 9.15076997047429|8.298063781457618|0.020494509604222225|\n",
      "| stddev| 20.32958633116194| 4.918848998696759|17.218805933372185|1.5483920254566632|15159.278074287868|18.78854911265782|25.19127055656769|22.556763456537613|0.7213808414176774|2.892113743736492|5.138545725098774| 0.23577039560945023|\n",
      "|    min|             200.0|         24.555269|       -124.623833|               0.0|               0.0|            -77.8|            -65.9|               1.0|               0.0|              0.0|              0.0|                 0.0|\n",
      "|    max|             406.0|         49.002201|        -67.113167|     333.630004883|         9999997.0|            170.6|            115.0|             100.0|             33.04|            140.0|            822.8|                25.0|\n",
      "+-------+------------------+------------------+------------------+------------------+------------------+-----------------+-----------------+------------------+------------------+-----------------+-----------------+--------------------+\n",
      "\n"
     ]
    }
   ],
   "source": [
    "df.describe(colNum).show()"
   ]
  },
  {
   "cell_type": "markdown",
   "metadata": {},
   "source": [
    "## Get missing data"
   ]
  },
  {
   "cell_type": "code",
   "execution_count": 9,
   "metadata": {},
   "outputs": [
    {
     "data": {
      "text/plain": [
       "[Row(TMC=728071, Severity=0, Start_Time=0, Start_Lat=0, Start_Lng=0, Distance(mi)=0, Number=1917605, Street=0, Side=0, City=83, County=0, State=0, Zipcode=880, Country=0, Timezone=3163, Airport_Code=5691, Weather_Timestamp=36705, Temperature(F)=56063, Wind_Chill(F)=1852623, Humidity(%)=59173, Pressure(in)=48142, Visibility(mi)=65691, Wind_Direction=45101, Wind_Speed(mph)=440840, Precipitation(in)=1998358, Weather_Condition=65932, Amenity=0, Bump=0, Crossing=0, Give_Way=0, Junction=0, No_Exit=0, Railway=0, Roundabout=0, Station=0, Stop=0, Traffic_Calming=0, Traffic_Signal=0, Turning_Loop=0, Sunrise_Sunset=93, Civil_Twilight=93, Nautical_Twilight=93, Astronomical_Twilight=93)]"
      ]
     },
     "execution_count": 9,
     "metadata": {},
     "output_type": "execute_result"
    }
   ],
   "source": [
    "# Check data\n",
    "\n",
    "df_missingVals_cols = df.select([count(when(col(c).isNull(), c)).alias(c) for c in df.columns])\n",
    "\n",
    "# Missing value in each column\n",
    "df_missingVals_cols.collect()"
   ]
  },
  {
   "cell_type": "markdown",
   "metadata": {},
   "source": [
    "## Get categorical values"
   ]
  },
  {
   "cell_type": "code",
   "execution_count": 10,
   "metadata": {},
   "outputs": [
    {
     "data": {
      "text/plain": [
       "{'Street': 160715,\n",
       " 'Side': 3,\n",
       " 'City': 11685,\n",
       " 'County': 1713,\n",
       " 'State': 49,\n",
       " 'Zipcode': 377152,\n",
       " 'Country': 1,\n",
       " 'Timezone': 4,\n",
       " 'Airport_Code': 1995,\n",
       " 'Wind_Direction': 24,\n",
       " 'Weather_Condition': 120,\n",
       " 'Amenity': 2,\n",
       " 'Bump': 2,\n",
       " 'Crossing': 2,\n",
       " 'Give_Way': 2,\n",
       " 'Junction': 2,\n",
       " 'No_Exit': 2,\n",
       " 'Railway': 2,\n",
       " 'Roundabout': 2,\n",
       " 'Station': 2,\n",
       " 'Stop': 2,\n",
       " 'Traffic_Calming': 2,\n",
       " 'Traffic_Signal': 2,\n",
       " 'Turning_Loop': 1,\n",
       " 'Sunrise_Sunset': 2,\n",
       " 'Civil_Twilight': 2,\n",
       " 'Nautical_Twilight': 2,\n",
       " 'Astronomical_Twilight': 2}"
      ]
     },
     "execution_count": 10,
     "metadata": {},
     "output_type": "execute_result"
    }
   ],
   "source": [
    "# Checking how many classes that can be used\n",
    "df.agg(*(countDistinct(col(c)).alias(c) for c in colCat)).collect()[0].asDict()"
   ]
  },
  {
   "cell_type": "markdown",
   "metadata": {},
   "source": [
    "## Correlation"
   ]
  },
  {
   "cell_type": "code",
   "execution_count": 11,
   "metadata": {},
   "outputs": [
    {
     "name": "stdout",
     "output_type": "stream",
     "text": [
      "['TMC', 'Start_Lat', 'Start_Lng', 'Distance(mi)', 'Number', 'Temperature(F)', 'Wind_Chill(F)', 'Humidity(%)', 'Pressure(in)', 'Visibility(mi)', 'Wind_Speed(mph)', 'Precipitation(in)', 'Severity']\n"
     ]
    }
   ],
   "source": [
    "print([*colNum, *colLabel])"
   ]
  },
  {
   "cell_type": "code",
   "execution_count": 12,
   "metadata": {},
   "outputs": [
    {
     "name": "stdout",
     "output_type": "stream",
     "text": [
      "+---------------------------------------------------------------------------+\n",
      "|features                                                                   |\n",
      "+---------------------------------------------------------------------------+\n",
      "|[201.0,39.972038,-82.913521,0.01,3280.0,37.4,33.8,100.0,29.62,3.0,4.6,0.02]|\n",
      "+---------------------------------------------------------------------------+\n",
      "only showing top 1 row\n",
      "\n",
      "correlation matrix:\n",
      "DenseMatrix([[ 1.00000000e+00, -3.29968079e-02, -4.23709318e-02,\n",
      "               6.48521350e-02,  4.88102771e-02,  2.89427459e-02,\n",
      "               3.07391705e-02, -6.70493470e-03,  4.59513996e-03,\n",
      "               2.21819466e-02, -1.61669692e-03, -1.80310455e-03],\n",
      "             [-3.29968079e-02,  1.00000000e+00, -5.22492702e-03,\n",
      "               5.01751676e-02, -3.17558810e-02, -4.68351247e-01,\n",
      "              -4.69159899e-01,  9.79378608e-02, -1.18202158e-01,\n",
      "              -1.54998940e-01,  9.15359600e-02,  5.03876348e-03],\n",
      "             [-4.23709318e-02, -5.22492702e-03,  1.00000000e+00,\n",
      "              -7.53412624e-03, -1.85446020e-01, -6.29347088e-02,\n",
      "              -7.17865446e-02,  1.97789478e-01,  2.74148682e-01,\n",
      "              -8.96066993e-02,  3.69653763e-02,  1.71422780e-02],\n",
      "             [ 6.48521350e-02,  5.01751676e-02, -7.53412624e-03,\n",
      "               1.00000000e+00,  2.39536246e-02, -2.59661162e-02,\n",
      "              -2.52581670e-02,  1.25991397e-02, -4.31332807e-02,\n",
      "              -1.74274857e-03, -3.02094605e-05,  5.51084719e-04],\n",
      "             [ 4.88102771e-02, -3.17558810e-02, -1.85446020e-01,\n",
      "               2.39536246e-02,  1.00000000e+00,  9.15996465e-03,\n",
      "               1.14585147e-02, -5.41486806e-03, -3.01287122e-02,\n",
      "               1.54279877e-02, -1.55270941e-02, -3.57307853e-03],\n",
      "             [ 2.89427459e-02, -4.68351247e-01, -6.29347088e-02,\n",
      "              -2.59661162e-02,  9.15996465e-03,  1.00000000e+00,\n",
      "               9.94635527e-01, -4.33436493e-01, -5.74036079e-02,\n",
      "               3.59398479e-01, -5.70376387e-02, -3.18768976e-02],\n",
      "             [ 3.07391705e-02, -4.69159899e-01, -7.17865446e-02,\n",
      "              -2.52581670e-02,  1.14585147e-02,  9.94635527e-01,\n",
      "               1.00000000e+00, -4.17693108e-01, -6.40984846e-02,\n",
      "               3.71812190e-01, -1.07307690e-01, -3.27164732e-02],\n",
      "             [-6.70493470e-03,  9.79378608e-02,  1.97789478e-01,\n",
      "               1.25991397e-02, -5.41486806e-03, -4.33436493e-01,\n",
      "              -4.17693108e-01,  1.00000000e+00,  2.37124810e-01,\n",
      "              -4.32133625e-01, -1.32366631e-01,  7.35304410e-02],\n",
      "             [ 4.59513996e-03, -1.18202158e-01,  2.74148682e-01,\n",
      "              -4.31332807e-02, -3.01287122e-02, -5.74036079e-02,\n",
      "              -6.40984846e-02,  2.37124810e-01,  1.00000000e+00,\n",
      "              -1.45464758e-01, -2.46856204e-02,  1.82447540e-02],\n",
      "             [ 2.21819466e-02, -1.54998940e-01, -8.96066993e-02,\n",
      "              -1.74274857e-03,  1.54279877e-02,  3.59398479e-01,\n",
      "               3.71812190e-01, -4.32133625e-01, -1.45464758e-01,\n",
      "               1.00000000e+00, -4.80546183e-02, -1.11093421e-01],\n",
      "             [-1.61669692e-03,  9.15359600e-02,  3.69653763e-02,\n",
      "              -3.02094605e-05, -1.55270941e-02, -5.70376387e-02,\n",
      "              -1.07307690e-01, -1.32366631e-01, -2.46856204e-02,\n",
      "              -4.80546183e-02,  1.00000000e+00,  2.50120835e-02],\n",
      "             [-1.80310455e-03,  5.03876348e-03,  1.71422780e-02,\n",
      "               5.51084719e-04, -3.57307853e-03, -3.18768976e-02,\n",
      "              -3.27164732e-02,  7.35304410e-02,  1.82447540e-02,\n",
      "              -1.11093421e-01,  2.50120835e-02,  1.00000000e+00]])\n"
     ]
    }
   ],
   "source": [
    "from pyspark.ml.linalg import Vectors\n",
    "from pyspark.ml.feature import VectorAssembler\n",
    "from pyspark.ml.stat import Correlation\n",
    "\n",
    "assembler = VectorAssembler(\n",
    "    inputCols=colNum,\n",
    "    outputCol=\"features\",\n",
    "    handleInvalid = \"skip\")\n",
    "\n",
    "df_attributes = assembler.transform(df)\n",
    "df_attributes.select(\"features\").show(1,False)\n",
    "\n",
    "\n",
    "\n",
    "r1 = Correlation.corr(df_attributes, \"features\").head()\n",
    "\n",
    "print(\"correlation matrix:\\n\" + str(r1[0]))"
   ]
  },
  {
   "cell_type": "code",
   "execution_count": 13,
   "metadata": {},
   "outputs": [
    {
     "data": {
      "text/plain": [
       "<matplotlib.axes._subplots.AxesSubplot at 0x7fb9ae1eb710>"
      ]
     },
     "execution_count": 13,
     "metadata": {},
     "output_type": "execute_result"
    },
    {
     "data": {
